-0.6266534181654883
-0.500581437776761
-0.3667291230527695
1.3621424242313462
0.8310094652783543
0.6316976075434538
0.26150823481130836
1.059337894564872
0.00670726071482128
1.5056594786063409
1.0290075409669384
0.4528378971165115
-0.3249549430539189
0.8480858114558099
0.9123835016994154
-0.22333872502648405
-1.695160328780008
0.4997881898505731
-0.7459774584070875
0.8867790956089818
1.1649695007961263
-0.6312592621230105
1.0315696169252473
0.6004347788536227
0.10710773082833552
1.9390959431486123
-0.7442031342613648
0.928965063747824
2.786149444511205
-1.550600540610969
-0.7661640561477585
-0.6201920473763143
-0.17985975779323807
-1.3201144268600857
-2.3254707820477556
-1.0488254059303086
-0.42066917342851023
-0.0012958249338151581
0.31824046257862976
0.0675867753438401
-1.8224147096751515
0.13760099362886105
0.2471500612892595
-0.7905296221457334
-2.1288411799691938
0.8068305909656596
-0.012593237596173508
-1.3745910080669603
-0.22167725795254642
0.5129464895195307
-0.28369179535485145
-0.1463526749806666
1.6339093509769653
0.130544932480312
1.1515368243295994
-0.8644816959597743
1.5124922555488014
2.2851669949565276
0.7751404348216964
-2.3259165488714273
-1.1522191493611773
-0.33575914934978257
-0.37906303908758887
-0.486523992791088
1.5866933845217115
-1.7290521578928184
0.801856231997315
-2.154297205473412
1.3777701313903532
0.8813549929088366
-0.1249988992728781
0.16518786824942278
0.9939327534384392
-0.961737933488302
-1.6907487429102874
-0.2550199047403697
-3.4544690704893575
0.7145274444943981
-1.3313065831491158
-0.005214270068486502
-0.27914987072915537
-0.12204032869588224
-0.3107062382466582
0.368520568678192
-0.6681655395832445
-0.09951507468000612
1.137001439511717
-2.1328735612900642
-0.5369929562933581
1.7656700633691198
2.168639078149745
0.7194463334178169
-0.5590454124228914
1.0919285589674255
0.5530474512769824
-0.4511422984620213
0.5089746136716418
-0.8771154570508471
1.8251615862463855
-0.3521311805513334
-0.7121703197242627
0.2829427440534968
-1.1247498318144062
1.3993489279772564
-0.9797271811291819
-1.0778749851447216
0.29814164745485694
1.3415738967025668
-0.04829510602337972
0.42489871444564614
0.8292872500927008
-2.2079044838843496
0.4211562320092998
0.1271120951585002
-1.8850993036484731
-1.1001156594834975
0.12866222494954505
-0.48816447809857716
-0.4823863962190761
1.1465112563398554
1.4281545889537448
0.8522486053185351
-0.4550881528312058
0.7166107872021095
1.0201133067063815
2.9797254173204353
-0.6018428715685863
-0.14913916894352255
-1.1652109093638519
0.7412006805601483
-0.05789160908017048
0.3322063889751798
-0.639771532829194
0.5352228288876064
0.02652192690153983
-1.1041715370069147
0.43320785494999353
0.08098879663636625
-0.7640107530351108
1.0081554859244015
-0.15011543815089504
-0.15071874706536842
1.20680466372951
-0.1603990027870505
-0.7698045014705536
-1.0238437887513514
-1.3809251788117682
0.26250064923077604
-0.7529218523109719
-0.3030363361883804
1.7211359185920962
-0.5175082530656248
-0.703835871286131
1.277902274118173
-0.18365904728366422
-0.8971151114825863
0.24500298033084178
1.2917175102186444
-0.8645346245695108
0.44209101422043284
2.103164609523085
0.6081183040385674
-0.4654920749672918
0.3604204866209736
-0.20629386837033345
-0.15737736247062367
-0.14560259545177898
1.138422192045533
0.7426308562452087
-1.2479128608993286
-2.5315283695861432
-0.5122092746504714
-0.6093327699009402
-1.082679900280942
-0.9841369834802213
1.4589611823897328
1.4716303432305002
0.6101507798501804
2.2957086549376395
1.2648163008158548
0.28018405935157215
-1.9642687271203882
-0.24512805408260013
-0.6867389933499584
0.8133062249918138
-0.7936331920787029
0.3558107103747344
0.19630081595366203
-0.5954683786560467
1.6350004918628702
-0.18715646148220602
-0.09767954650520867
0.7918381294139981
0.07580988459720141
0.9715197012817772
0.9266881989234308
0.7440071381749028
0.15954015581217942
-0.16928840553116997
-0.04326655795847263
-0.4294369093957093
0.49181050476828403
0.7662728974159037
-1.1244800995903659
0.3416570993072663
-2.225177514634901
-1.036091110434379
1.1912500530064951
1.2730417171006374
-1.7487952291840514
-0.9365556382559214
1.290649503542518
-0.6615999186905458
-0.7734364414771386
0.2602524504814483
0.34158924772408655
-0.3424398330153221
1.290887560290102
0.029654235671893875
1.7518487112019434
-0.3723429969770007
-0.31021016624505054
1.8649325137944706
0.16527505848090393
-1.7997664195695338
0.0013886247764070912
0.27658794614081794
0.20313376433444721
-0.2482623913041844
1.180283437385462
1.0501297168621662
-3.0076495801852343
-0.44607249389248343
0.5200621537083069
-0.21923137707046692
-2.461189101997105
-0.9167796748717604
-0.5688233541243826
1.3312629999220351
-1.168456711458883
0.8400518496145765
-0.6170593546367511
-0.741348695121337
0.2389865798921703
-1.0641000442096045
-1.092748170074236
-0.35127332790429966
-1.1092362883100586
-0.6053691215083805
-1.2147651244633577
2.323997978766411
-1.0555525336223148
1.0104789113911785
-0.13479828499320753
-0.047452239394806334
0.6080157043397816
-0.5053384284085468
0.8788147195880687
1.3360448747982985
-0.9207800389833267
-0.37050914902125937
-1.002683629866479
-1.9750875831915067
0.45373288564425956
0.12325928053228213
0.20241579797399567
-0.49233044005147536
-0.2436979591582995
-1.6069569436833873
0.6661730097730335
2.7107846292204054
-0.17930774823676512
1.7545060416672418
-0.4109698918981007
-0.6424345324515979
-0.1925192343532022
1.1855482694437687
-1.3181719712355124
-0.8058540683416007
0.7891706612660003
0.7789699710475078
-0.5145675692765708
-0.8680091265109293
0.05268763180388933
-0.24389663737004125
-1.9225069137929405
0.90709011443082
-0.6505572732736912
1.1289454297540131
0.348315464531228
0.6792901179913899
-2.082962381807714
0.33968090329839606
1.66372084546592
0.7802890254747499
-1.7757747606501464
-2.026676735192154
0.333584047628931
0.1930316440276509
-2.154250738017576
-3.2425799261553108
0.9854976309193524
-0.8588127843014753
0.08293004167752477
-0.8307882607118604
2.2772873512047345
-0.7632904066383583
-0.7104194691823135
2.2792518820588614
0.08078026555451716
0.39702640858704635
0.8811336952873857
-0.5077317748222091
-0.3085630012226157
-1.1895143315719618
0.06486231824832582
0.7047574263326138
-1.2583517612835247
-0.12645943968425205
0.27900885362581146
-0.6703442603398978
-0.85163530795127
-1.2596366831511252
1.5025103797161894
0.05806075041823592
0.7018868277730897
0.9929549275823383
2.5693396847439463
-0.4990677465222047
0.9588931864391022
-1.1608747900670702
-1.0612306888495888
0.5082931240381748
3.21784740712961
0.22782545170178783
0.46224330847768386
0.9944515066909186
-1.2403121387845015
0.776026342205721
-1.7011935231698359
-0.18731939609364387
-0.5220881829156738
-0.8122604057360324
0.24670845712350098
-0.8712090353917022
-0.967207869086791
-2.1779902046551207
-1.8877508220552452
-1.1149656177606022
-0.20030097286781254
1.2743231270468232
-0.8916030652154964
-1.1597150994719554
-0.0947639988348886
1.3155061744986645
0.3150765354563125
-1.5624163120131942
-1.2696035886213095
0.8158807722001086
1.4024709357629093
-1.88931705748752
-1.7610458291136104
-0.6312450616794827
0.07506050696307379
-0.8938089604324357
0.9891032640446314
-0.43553063438539014
0.018904332310757926
0.6249723091376532
-1.0591785390463255
-0.27304842468452106
-1.5233617559949137
-0.5649425288062919
-1.101568843445229
0.24445912693509414
-0.1525276114859202
-0.9729630759705047
1.4838957121574714
-1.423208840154454
-1.2636243948507873
0.9750967391538559
-0.584237874562897
0.4685931076999986
-1.6915656099218632
0.17448376987083408
0.7298847552436741
0.32932839382334705
-0.6661429774906683
0.6618554353026003
1.3500858555276953
0.7197189956362056
0.6268871043877852
-0.03955085147031761
-2.143332387865301
0.4710725024379068
1.483054523114217
2.9053559946064236
-0.5797926883489001
0.7385522465845537
-0.34880739573323155
-0.5954653726175058
-0.2976686787248178
1.8734116213025742
-0.7582638097544581
1.6858140184580876
1.3493721248877242
1.8003651568377614
-1.596315900653865
-0.050484312867399385
0.24109509000221613
-0.338828850765096
1.213837676788381
0.5785624419666706
1.1184678071106346
-2.5282672005266464
-0.46533642396514135
-0.4260472693041866
-0.48903799093070544
-0.07248998484699884
-0.6739698751444007
0.25185747069032965
1.5885471047546817
1.1053063128283518
-0.5745609878767215
-0.020838792324497965
0.7163115936891432
1.8045781530567082
0.24261173767701533
0.692193992125505
0.12191943520656699
1.5240739894945416
-0.4367445102250778
-0.5406219819905784
-0.6044153036132202
-0.6737120556937181
-1.4622559973798637
-0.7515800389741513
-1.5247704991485356
-0.224198659955023
0.35632214875794355
1.8751530852868876
-1.2166336473029633
-0.6373685130260965
1.3267039851339186
-1.502212299529375
0.07703242239393064
0.6911190105075528
0.31720062593308346
0.5568015232261423
0.3701436793099081
-0.944006631742389
0.2318257178332037
2.1267106791391344
0.595622210997575
-0.1992124591254474
-1.088940290565783
-0.22847245168881797
-0.8358023308966268
1.0548064266681307
0.501442836333652
0.8876593160672674
-0.6751717561429837
-0.024889830695081692
-0.5828755989755451
0.008865096329817659
0.27146706118595754
1.58556453499489
0.04381297741906919
0.1147402859296317
1.807334324250771
1.3135601490124036
0.21734053834087672
-0.8391042029646516
-0.7740965846611741
-0.0500351433247365
-0.6377169000355101
-1.5813815596035037
-1.1373648506921508
0.7418887005148661
1.3491779730497027
-1.2098638682101772
-0.8220801421197688
-0.08177639385990526
0.6975357139553279
1.1720558032989088
0.385204389576953
0.7466543861788032
-0.9425003939339238
0.5775985973977641
-0.9514348848263964
0.8235813148570004
0.31539554516572865
1.084460142401833
-0.25130068177810383
-0.9512043161484833
0.14529132805751396
-1.210380934401437
1.9872230633122012
-0.3907747049969432
0.8966145473339542
-0.3337941640398118
-1.1198110816150308
0.03408737304648259
-1.3704912496810475
-0.1595106689948602
0.10963268818693274
-0.04475788711543185
0.40633923738188377
1.2035232697377596
1.90384247384094
0.5779837871905932
0.16681117619224853
3.170192242536604
2.460654741753543
-1.0793325454918596
-0.05943055724726705
-1.2793537015813718
-0.7684037466227538
-0.12899014632858988
-0.1583287398313094
-0.6612384671995368
-1.6612759348548432
0.687646629020041
0.7927032211803998
-0.8843008667477024
-0.2651718415001192
1.8791948842011101
0.2832646212202145
-0.23241273585878866
-0.15556810369069995
1.843135054060887
0.5964115208508296
-0.4955425093255571
-1.230443999464006
0.42632110495423414
2.4916401767292014
0.35472039114358556
0.24146542465378376
-0.5971226729726832
0.23915428976609257
2.2490302197551952
-0.6815404424913728
2.3196863153560967
0.7569893288806464
2.1414873125170844
-1.404407377638613
-0.18806077855478637
0.2325229355078701
0.5750354156493646
-1.233437592803981
1.1534570374725053
0.1621748541779175
-0.021504756426257432
0.2804870604388577
-1.1310391181584973
-1.385333672405684
-1.0417600510938678
1.4478673307746404
0.08703168199587696
1.8769421788380487
-1.272094320586987
-1.2236447074050416
0.46151880930392103
0.298294127000022
0.5909942191295563
-0.225632991516594
1.941309350503882
0.7781374257179364
-0.3204782576044843
0.27637828909191614
1.983481669173986
1.6950903788098923
-1.5541286701869736
1.8946652677196885
-1.0293457524832073
-0.6903429732734889
-1.3706601055795746
-0.8658720378851614
0.009209000737298835
0.6240781588298911
0.9842610416296258
-0.02467197986676549
-0.50777373252519
0.8824942152855895
-0.6374318248747214
1.238918702346309
-0.6432626808919347
-0.929922660976199
-0.6058745831054698
-0.4525791856824534
-0.3776744983717816
-0.8451885673956715
-2.5321207160141754
-0.5625895552982637
0.30691469375488545
1.3546271931044365
0.017661385431837325
-0.38411099773239427
1.4926757009052607
1.1279847355062818
0.9221417787247276
0.5678776580705295
0.11970999413219982
-1.2149244046284646
-0.9923062036358627
2.21643950791891
0.4433003837499337
-0.24541526536502928
-0.5184271978360763
-1.8069660585016802
1.8018688248097947
-0.8635617250559547
-0.07584505809921234
0.55179123401612
2.645133984152567
0.32457089296755204
0.7004418947937242
0.3426764965940902
-0.03256656328646901
-0.8867950055107446
-0.9058386011097008
1.7202228240174389
-0.4686749670981302
0.7001177358342341
-0.29021259408813416
-1.6042382380003863
0.5557859907961471
0.38982221565283626
-1.0569335459085123
-0.7726006193112527
1.1248360446970356
-0.5304087581635132
0.29278664744614985
-0.19467316297139456
-0.721731068449378
-1.4244001869185279
-0.47970325802968833
1.6005197881528481
-0.7847748230283907
1.9841241785005814
-2.07229747702718
1.2435941483234059
0.07535788599352188
0.07909838669835813
0.4906717962616806
-1.4793100111999022
0.2823596292830149
-0.6684388249390624
0.0417942260358783
0.5536500922306352
-0.3348227904866487
-0.315092827668518
0.32234835665110634
-1.108836808494352
-2.494229799925212
-2.8366816930376197
-0.43954420738994554
0.7144935480299941
0.084980976689622
-0.6895807822292574
-2.0680784863338357
1.006887971930915
0.4766678662538871
-1.914428021673894
0.09623362604285111
-0.2532460055361951
-0.09839549869301421
-1.4140737509550285
-0.45653641822214425
-0.757402445439425
0.1950374122900704
-0.10826589834832741
1.3957033178726284
-1.528123977127476
0.3077429565360178
1.3958470632574755
0.8623231191345613
2.0479635310255375
-2.0870125712780885
-0.04130170926968381
-1.8526331506451656
0.3032679190645307
-1.5570765098077874
-2.426898258549485
-0.9408403111653785
-1.8145232032044838
-2.2645645644588512
0.24993013867826033
0.7791175990066733
-1.2250258454736647
-2.0614314427569047
0.9982607098633769
-0.22122333416905304
1.2737482657985706
0.2982857112710835
1.4951071197142978
0.7760437692771305
0.23344061060587643
0.9306719035601442
0.979366619942396
-2.0821159540695544
-0.3232674573306638
-2.5714736257170334
0.24028899468863935
-0.39936170021242295
1.6963580591726606
-0.7713797871981607
-0.9926896965789639
0.576851733672474
0.3194073086552778
-0.9353439748789186
-0.7754549490449171
-0.953751161191462
-2.9366516257254673
-0.038426060607188055
1.2456944952178663
0.1429012941520413
1.0232889191620802
1.292041137872731
-0.4470300399268164
0.813633640377459
-1.4003829416881362
0.23358221554058883
0.4948210052126053
0.15013849552355146
-1.1254206329198817
0.7532367054241107
-0.6375151992205829
0.9405676454777404
-0.05768321569029858
-0.5825366204826068
0.7870599167219392
1.2861577800649366
1.1341595339145363
-1.0298074389969436
0.5478167008760093
-1.1203265991036326
-0.9171994301958327
2.5469876354021608
0.28396604166981143
0.03457149858331663
1.0610822859749467
0.10069860169867173
-0.3541765082879741
-1.2251544586734544
0.7111280558678829
0.2034971849352299
-0.2029302967033162
-0.5894877853843922
-0.679104804580395
-0.8868886254512218
0.6208882863052669
-1.9775552636915386
-0.32861574134580224
-0.7733702271036594
0.6111733670382863
0.7782903094893814
-0.692969410224107
1.7596840766136832
-0.8776372124457265
-1.4014588396667673
-0.4893434228111656
-0.41702168047610527
-0.05660507863435846
-0.22500749434459286
0.011383029540505133
-0.17000029373236494
-0.053270940461302915
-0.43102817063706
1.5017405651272135
2.367407572183054
1.3418028901463188
-0.7762349696332236
-0.892167227162306
0.16334701649270286
4.758709670610426
-0.8071803566870078
2.3291863910587205
-3.13863516071156
-0.5581695844170074
0.1023546520373473
-0.23062787608582588
1.272961881892204
-1.0249372334736306
0.482361596913787
-2.5733130621662634
-0.28055115988997953
1.9225582471061275
-1.5482963710307016
-0.7252974356303012
-0.345763546698651
-0.8235944983544228
-2.3762549745969936
1.8321557397203314
0.6934195733728824
1.3436472197853793
0.36279798160365856
0.6342122407905496
-1.3618040772088906
-1.9777796159457846
0.540722130413983
-0.1751632517516412
0.3513673457228987
0.48892409751912513
1.2723345606984369
0.038694169132186186
-0.8788790335918049
1.1144700489523172
-1.0659487943087642
-0.2871523472441019
1.4949557885707878
1.0132124261028523
-0.6898696159258777
-0.4433070459442524
-0.1662052114066288
0.49168763439786084
0.10846820999514147
-1.3088868023264841
-0.25856486933345785
-0.1437254192170004
-0.6353057361635576
0.12504083110704375
1.0498057629493103
1.1863115473946142
0.0533458255663929
1.8834604038397846
1.2702603445776464
0.12378814612259936
0.11591979412723623
-0.038654454278986956
1.3497786307060946
-0.8579480112744041
1.9032959968520398
-0.4672178046055224
1.152994742663775
-1.3151540176319738
-0.2420155125628022
-1.0223560800210225
-0.6874185443544395
-0.7931617229787572
0.4150577828347156
-1.6556130310024828
2.158134759676399
0.6166488469981101
0.8940047888946637
1.0636406613438443
-0.10277014016015656
0.271256562168094
-0.2872169463332648
-0.006449065500572175
-0.1885772653204682
0.611424751585621
-0.28592398048078654
-2.311066279584837
-0.5358021757093538
-1.137080661866542
0.6207324466986077
-0.3776650264511153
-0.6066383465744645
2.243998624931779
0.702805790956903
0.13171079059310525
1.9678648567622814
1.1760178022247656
0.10685207677688187
0.8858714285915286
0.5721056921854077
1.5468010970276493
0.8828567649627136
-0.15783525611924334
-0.5731606377477908
-2.430126828928815
-0.6174111489564446
0.5214534225552636
-2.3912720660104037
0.7161408440717151
1.8504864537208365
1.120841900640557
1.3052140383985202
0.3318038538061444
0.6934906705293945
0.7231855111763393
-0.9693023517302355
0.8419337098309541
0.18190177080064246
1.6131094649381639
0.6783163151842915
-1.0246212402937926
-0.6992845711217098
1.7459989116195942
-1.2375240999809756
-1.5080007767752248
-1.0841854361109788
-0.42174579453853195
-0.3809231310912631
1.9977163074193098
0.31718128223563946
0.3795744506673003
-0.7222164291457079
0.23805319984906329
-0.6839050351195635
0.8172701540531202
0.32230752791950434
0.25163496100414834
-0.637666445196256
-1.7397092066036763
0.7102556125255816
0.7275775425060178
2.1064657988740216
0.8794142484708681
1.196853834831444
1.388370899048105
0.15836518144766223
-0.6375092235134303
-0.8550525982056425
0.32224740890245146
0.35481051914675105
-1.2600526832407766
0.2632063924398565
0.8758205526119263
1.196547808321533
-0.1724212337366273
-1.1515178680569624
-2.058265689094525
0.795511649639287
0.28823698497020217
-0.9645401572659658
1.1750771753554876
-0.0336433525167905
-1.4749623995794023
0.035543183919878193
1.6007521869793147
0.5239560274473551
-0.15172097950768526
-1.0805021657639131
-1.163602791510911
0.45107278621679736
-0.10812369259080813
-2.0759509062284742
-0.7633559528434719
0.38318635795487904
0.2938461413994533
0.2024055706499151
-0.7332881570063352
0.6506870240122763
0.5773062247058078
0.14431517301942628
-0.7348534663298538
-0.3877364887049251
-0.879160620383045
0.6677185220357074
0.9190945052688176
-1.093710726603178
-0.6028036922751642
0.0934219907930039
0.4093737366405188
2.55514132477572
-0.6297073218181674
-1.2241761056281715
0.2974963889011305
1.2563964397478862
0.2972830190700504
0.6304019487899847
0.45612293438193174
-0.35413718312620307
-1.3346519748763614
1.2417964506584824
-0.8861465872547233
-0.0035180966886088003
-2.7743256993086267
0.5735694369140186
-1.538563106109038
-0.9707384801131927
-0.5233848941935114
0.6297287001493554
0.24115878563605112
2.910752006183299
1.1147367092544527
0.7644080274708442
-2.1048430464387122
0.7908872410114026
-1.0460666553087936
0.8962015740734534
0.6508159969212993
2.185729171067582
1.2236237247646478
0.7251467342292603
1.5217702591525
0.37771939149494865
-0.43886695508376816
-0.042302064910054726
-0.8237603456276766
-0.08913231423506053
-1.1079349570416712
2.399820713658328
1.4193090982382441
1.5134096542282838
-0.5520226834931521
-0.22322008776399946
1.1297807869209315
0.04708579819454619
-0.34311036949073553
0.7782586512436613
-0.04722154078898268
1.2457897636657322
-0.37676206915872507
1.5870254862848086
-0.6204778816656703
-0.37795183980943625
-0.03049295848841451
1.4100678935891933
-0.43793123217552227
2.3695669002250437
0.16543312617787284
2.404901287138689
-0.5585485998042743
-0.4197164595252526
0.17325978975110873
1.2687542328126342
0.01976969272603263
1.5671201840471551
-0.1542471613404616
0.46460782781169996
-0.7946176840787731
0.1641532045732723
-0.5092253021101159
0.18776760436364764
0.06784508476349672
0.3742142941605371
-0.2703022677292824
1.6853093551163054
0.4796651978164021
-0.21148394387782068
-0.007648322604463783
-0.0038716166673045237
0.38129550470603013
-4.0222258338327155
-0.5587685535430411
0.8916284286318366
0.9591293942593064
-2.5517943797583045
0.977963903081258
0.9288006573181123
0.1029782916398759
-0.6391163179848693
0.8459743673027175
0.6913631654558103
1.445260614017186
-0.346950382871329
-1.4444066734201026
-1.3026889570559195
-0.2409465004261069
0.4527472392572884
-0.5276030673263508
-1.5018010677688358
-2.7351607856464404
0.40719761941304244
-0.6433907628975953
1.2235782125057582
-0.2885934309731314
0.42321684526529807
0.4513965262624496
-0.09963176672197567
-1.76524477884549
-0.6342111774584837
-0.47017517932098596
1.2903146928824134
0.6361327058321137
-1.6449571414036361
-0.3980168660810607
0.0030564363568122456
-0.8187755359307992
-1.2462482829612582
1.246648652837175
1.6557362369833328
-1.5764802440360077
-1.10389822410199
-0.8313968328252069
0.6403413220584953
-0.7362397931809438
2.91079317863568
0.22726204597336663
-0.6135825481269338
-0.8571874924407047
-1.3502797979308045
0.5336748503471569
-0.9726517287380503
-0.6315005371393426
0.018663615766385918
-0.33430547432091295
-1.2880392915425152
-2.522197373129751
-1.6949414387763604
-1.0161899718718517
-0.04758039536530502
0.1595870777388317
-0.8776131060527821
0.6043315920752167
-0.29263819997782703
-0.4563738517888107
-1.8980244279245944
1.900648722986019
-0.945349385299219
-0.24146611038788557
-2.6307785921360622
0.07719294009715517
-0.07487742604713055
1.190056026194972
0.9282182019233715
-0.9957848130347988
-1.6074866253844293
-0.19193207437772225
0.8166866553142392
1.5615089657187422
0.45701284056716557
0.21779562333634386
0.9942707389564464
-0.7663985301401923
1.7659696110747927
2.139536994571602
-0.646624917097768
0.4249943433490966
-0.6765742893258587
0.7884656510427211
-0.5675531688500955
-0.14737643920647667
-0.14511474859543316
-1.3658745341690874
0.4911679338837263
0.5648946711828388
-1.0392359407906262
-0.34033229298796175
-1.6974681647235796
0.019957397331475783
1.8913206572830277
1.2722059286746412
-1.5854173878035076
1.0457574480059895
-0.4113297253596933
2.5037852371062628
0.45922699585230664
0.5114138433200413
0.2736135436908804
0.26515732045899626
-1.4952060392656625
0.16370063951045122
-1.0343291614927044
2.023042800328286
1.6017455633043072
0.40806104076703187
-1.0176840199074995
5.342377759141089E-5
-1.2871319137531936
-0.948452181245255
-1.448368652174074
0.37344687305512003
1.1977832418296088
-1.0074195658762295
-0.025770339933118946
-0.1129297368187307
1.0049446880034343
0.6520274744844047
0.3248645796603166
-1.0681608557476987
1.662388805111738
-0.7380736304897934
0.9574201305275063
-0.641114238539238
-0.4426929633172149
-0.25694946111243755
0.8443711836058583
0.8128310957772634
2.851820563079964
-1.5611460635854582
0.6759719924613025
0.4225134301562092
2.0652649060135655
0.7261775220455609
-1.4446878061681085
-0.5205429672765117
-0.24331137151545737
-0.01283338833060662
0.37185388032856964
0.2739146286988205
1.6825751231424035
-0.48926413337864855
2.8405958092531765
1.0208941041101531
1.085452800820721
-0.5078724117586676
0.3511643721185978
0.23955033456376584
1.2835824520327241
0.7324101518294972
-1.9891536150613465
0.39381188161716385
-1.361424642459784
-0.45551639085107487
0.7231807138421196
-0.5720853734190574
0.3726573548287978
-0.14472411700661345
1.597715291371589
-1.1900031567486007
-0.08066003566930549
-1.3299446676624822
2.095496965132853
-0.38632198189984873
1.6924447849318298
-1.306958357583943
-0.3287383004576162
-0.09315826362025047
-0.9750607861890888
-0.4575235812510379
-1.179747868835459
0.6846638407456566
2.4019528060292976
-0.5520322523725821
0.281180815846562
0.028426955556987012
-2.174172792030879
-0.03633528301999596
0.21893862043168835
0.9876087538243881
-0.4907059194140282
-0.17650469629557844
-1.0766615668416883
-0.8489153666972554
-2.011073177302532
-1.491689261305318
0.0944902724345619
-0.8290584395047933
-0.16338498110431904
-0.2820588719227368
-0.06641648291285471
0.6961979876143973
0.20887628840979977
0.6024004696217903
1.1557623176003677
-0.8363026554522963
-0.41212329164822264
0.9837840604669856
1.329029530861005
-0.9955198760132445
-0.5316908992382702
-2.309443955504618
1.3784209859187968
0.24570452310354848
1.1258634334110775
-1.295454334367421
-0.3244648293537962
-1.918786965627567
0.5270622374433744
-0.507004988001761
1.5053910138111801
0.7025657064408094
1.018759136845808
-1.4332519887048132
0.013412102131487748
0.8612532357832575
-1.2915089053517823
0.797102428005654
0.20885228814512424
-0.8802233796447512
1.2378036287397194
1.087018183323394
-0.5339808282359823
-0.7478492821763881
-0.3274561557816003
1.101387379234019
2.1059930722412457
1.2058443889300303
-1.2750394374100154
-0.4469446526546829
-0.5334387722325158
1.3028574620733722
0.9017994342535548
0.40015967709632344
-1.3063312147539685
-1.6233598941255531
0.2785169680516229
-1.2141562910770995
1.0321007368195358
1.608497826512896
-2.61898233491042
-0.07002006502234827
1.241935528320212
-0.5224929843672775
-0.021855162613651363
-0.8034976875004646
-0.2956260282400218
0.9936698754858769
-1.6451115760904158
-0.02164732636682093
1.114568394766928
-0.32534297385016747
0.14871249355657593
1.4759281984687727
-2.0740239074785225
0.6129380442320275
0.16398163306791952
-1.306143724588008
0.07811091892270103
-0.3271459904586309
-0.37780194815756213
-0.7249548605291143
0.5427376748061309
-0.4553345665762638
0.2802279255017951
1.0424897618725382
-0.6177926225751945
-0.5065218689834884
-3.158222983016312
0.9733987727901259
1.6020162777573919
1.1331883346403187
1.9343295133573444
-0.7293825042676114
-0.6108074314054031
0.2959828170568443
0.895190410051527
-0.9242990189896988
1.7886256259108182
0.8029427384759744
-0.15040982640598266
0.2656970001095896
0.9901266998202328
-0.6134212566931453
0.709883191039111
0.6886476477111864
-0.9112743191394596
-0.495276945024262
0.6204278457592601
-0.8165836016911455
-0.5944403871826983
-0.451340773122646
-2.8819339016060948
0.722715165721998
-2.419283735451824
-1.7132619956610382
-0.07489814001378128
-1.2110324606409033
-1.1150037147211491
-0.8059277218351367
1.1038310654485313
-0.8447658173359873
-1.7411220903751254
-0.034358482427297374
0.5295710270067427
1.0108339039971614
-0.7081189614960761
0.9292432415399619
-0.40622793240716887
1.3994964617167518
-0.12964740917479453
1.2458090299593902
0.7922357375605604
-0.3385516706229267
-1.334143245105249
2.5781467956396082
0.2378587262712826
1.2397436549575025
0.6876009104804068
1.8788343419296092
0.8421027018086099
0.9559539009311331
-0.03926844461223079
-0.0676095851857108
-1.434793198318695
-0.16032868249366541
0.4464367403222451
-0.44694909705465785
-0.7763247001857752
1.535258729093082
0.0217782198636182
-1.2315995237320132
1.840821179027051
-0.999549330763448
0.8859890232288009
-0.07170000850524563
-0.6977606674640233
-0.243386368571174
-0.9263525282849303
0.4368521546892995
-0.8368255529856399
0.28937671592235
-3.1213904503163312
-1.2390770716094723
0.49529948242351457
-0.4553232281627327
-2.1847512993915608
-1.027051509593134
-0.7337716911226981
-0.09218312291700746
-0.9919643638424537
-0.358340936250781
1.9104616941454915
1.4838764203097219
1.4537573428601431
0.8493100836959163
-1.4382433717469176
0.2831518238742782
0.002722060242171296
-0.24395015476609475
0.488621048626562
2.499842631006587
0.7304117922713104
0.5311182060079398
0.8394452454700909
1.51761934417772
-2.7377037606426726
-1.2802411484450285
0.32905016544902194
0.22700153899151862
0.8552688930024857
0.44154754760552534
0.12344003122492005
1.125361769634623
0.4488733084741579
0.3060529770353653
1.6105885821706962
-1.6316611594630348
-0.17018628044134257
-0.9655277612947873
-0.06551450867581654
0.7884146283980712
0.5783244144280248
-1.1119101276998473
-1.917431680168094
0.38018922941298156
1.1090684867030096
-0.5623532204214035
1.4912302935980137
-0.5319725220771317
-0.24561748087809734
-0.8124985814629888
1.051899766339759
-0.05617421959178753
-1.0645210970787398
-1.6992757402912806
-1.4031496857374208
-1.533099273159521
0.7858670617515799
1.1576593015463004
2.3057733101238918
-0.28441644553352813
-3.7338227671077475
1.1935250523460146
1.106099581759693
-0.3481802433671355
1.0210271364422874
-0.1555649057268745
1.6435467053647372
-0.8363486824060226
1.0168766827202027
1.7396936082442065
0.1515959561422799
-1.1286307193977898
0.9310550521926959
0.05534399477068253
2.2034886580473954
0.938304270374014
-0.22595208074238513
1.5115051803855268
0.27713230293006613
-0.108655423225484
0.8148750207264167
0.22827421541555543
-0.6358748548066099
-1.4451528869555181
2.286967372620463
-1.447323045144241
-2.294999564649954
0.9347850785616353
0.4160712059371896
-0.47941724885924286
-0.47933097495957694
1.165256075560943
0.15075605983886775
0.5725362205570264
2.145474340464832
-1.7263784206072583
2.9645784286336028
-0.8332577983103433
-0.7479067681857362
0.32499336468780227
-1.3425762741205631
0.282261966379753
-0.27014975728790874
0.9009847527264911
0.18651114240981845
-0.4954955087494978
1.0286273896090965
0.1515500259624763
0.22731182459671953
0.410138935783729
0.1420898434369434
1.336266674655623
-1.407820841703909
0.6247831298995238
1.2177116465793925
1.1891971857819077
-0.22698055779877307
-1.2768105738920166
0.40047751341060567
-0.007356056510072768
0.17149794100568824
-1.4191729244241225
1.2439379944554578
-0.14135293307707858
-1.6215572587302063
0.44617717427355513
-0.8018275418294897
0.6885454960864683
-1.9790447740246788
1.6819010427013332
-0.19972077612735625
0.688832842953969
0.01968458620825181
1.1857765167183567
0.7657295472406216
-0.4897601977228795
-2.0277114041424955
0.13674915610799465
-0.16583462256481862
-0.2362812109807113
1.1760176774889433
0.3037341736764623
-0.4921234662921107
1.391518369792877
1.2511726248979749
0.8742456960951366
-0.9188948307691188
1.4850476014402163
-0.6577269991854372
0.13389753961695586
0.5332920121403647
-1.131506313413247
-1.322116812613444
-1.2710260108165834
-0.32588178341204094
-0.04614675856343147
-0.5437251443095067
-0.2922473393924752
-0.11635722428375682
-0.732549800827162
-0.2258862534067737
0.8839759384548393
-1.8250827595475172
-0.03849213930257682
0.2624576264231455
-0.5315524262166934
0.299334154872962
0.8842833325227539
1.0289498641974653
-2.2083335529094286
1.0518308518121835
-0.07907795547485505
1.61705322933768
0.7556949918473794
0.5199379429338428
-1.5065799493203698
-0.2855198983680378
0.2785071633915073
-0.9397880024954718
0.9360787956449204
0.9333876676591911
-1.8474403301468627
1.0268031527108794
1.5761123361936444
1.373817721995261
1.5145994861330452
-0.19621837927213026
-0.5627515633297757
-1.1009642016016492
-0.3517676648708065
-3.23192610606765
0.3167568039986034
-2.7536112382634186
1.2874289610311556
-1.0618430999776987
-0.9275348461897585
-0.06741150253106949
0.9598746472435081
2.127381405463701
1.2402549817107553
0.5084105857607135
-0.8855906285066926
-1.4961486954593315
0.00753728040661967
0.3798780079390753
0.9827118015594943
-0.26069995485459346
1.3609278970338954
-0.10352552446799136
0.13868158105839767
0.7952171797372001
0.18947494784544822
-0.7156843720639412
-1.561146675871192
8.593601429195711E-4
0.23982986785655716
-0.7162993362799535
-0.6821254576574369
0.7605982852627186
-0.628361185741094
-1.6204043771662453
0.889343374576556
0.5594131946786209
-0.9813923098963512
-2.175142767646662
0.3305929020076199
-0.8027921200986641
-0.1415909997014215
-1.041459799719631
0.3245570486207908
-2.3616126492699436
1.2768501060614446
-0.3719330691501473
1.370545666936364
0.5046885424133749
-0.9758410258488194
0.08467198483534327
-0.06693248973139936
-0.8452807561314486
0.198523783566674
1.8871832931984338
0.48688863519324543
0.008859760923735395
-2.845924576246577
1.3831949705268975
1.9763520641643653
-0.09384077869773036
0.9547266428605982
-0.341274797527646
-0.3382750854458072
0.33922037749542727
0.8927361997082551
-0.20258305406065322
0.46093378963098447
-0.4622695417817213
-1.5267825380181717
-0.6978530382787067
-0.3638323247866286
0.025086729636144226
0.6297640125523859
-0.8755328449307128
-1.1621458656579136
-0.24787077394150667
0.2082221720943043
0.7534346231147397
-1.0309147041552031
-0.31793840781608196
-1.2239300199019274
0.2936412540642048
-0.32532181473637195
0.4008140402281426
0.2860062377971109
0.852627347719772
0.6611753317002682
0.19309268151254969
0.05739853578562235
-1.1605402550289206
-2.074921393476788
-0.2916707038352287
-0.8820024370825561
-1.7754824760386307
0.30166353493749026
0.7626068275624085
0.09932237848104074
1.8058479746591662
-0.25788692189790036
-0.9842028519350584
-0.7615090308294998
-1.0990120377643433
-1.5311226271751432
2.310642951981017
0.20124592242187697
0.984921378627294
-1.421532648054477
1.1882671720810116
0.4817132646434391
0.17760466095121732
0.4752355151988675
0.1540623903933385
1.120176386884188
-0.21193828878828644
-0.6667516525116267
0.9976454860050079
0.8690374292588271
-0.9307715202411845
-0.17361891175445598
1.1665000211537921
0.39053117192137543
-3.496536437253092
-0.9416346845646716
-3.0557826253338916
0.8123920282064799
0.3126631959001417
0.8084453947568198
1.2582453912733973
-0.8561049918796025
-0.4862832655473329
1.5008197172980784
1.940475781701781
0.37513178786436
1.610517460268051
1.1068901926664256
-2.07577392841205
1.1515712744754625
0.7463181648284588
-1.545788363746894
-0.12769813055775614
-0.4475268330737092
0.10327890767227586
0.8119455823040842
0.636357404793411
-0.09984445006202256
1.3783298113441418
-0.7692779386744525
-0.941333178921495
-0.24359495654693716
-1.0510452437173226
-0.45903075962773193
-0.41558630409478253
-0.4350783002117983
0.09818215334709378
-1.3713213237320416
1.4810502281214473
-0.3160146433218265
-0.5988525379683514
-0.45647619760221064
0.15255085213522873
-0.9285217732392993
-0.9658505385739788
-1.7485954452315546
-1.0699365810549888
-0.3450278561557414
-0.04826818739671224
-0.16065639844259616
0.3645469362957743
1.3658635506256507
-0.5506910656911317
-3.383706646720096
-0.5077071810457008
0.28781976002128823
-0.14037981006941821
0.31047429022592155
0.6641909178702258
0.5728019968109065
0.7782026388508106
-2.588462780255626
-0.8056458344291421
-0.23778550599801707
0.7141417842190778
0.048055230359905686
0.9656100988714161
-1.5787456246790064
-0.22098473988127706
-0.4360954230076511
0.6514856521108521
0.784530514577535
1.0967200804855404
1.1121433588767076
-0.31726737676009403
0.6784145779794549
0.22162982679583262
0.846985029645887
0.18809963005918715
-1.116048571352672
-0.7346223167980441
0.18593972036462647
0.9324027483109257
2.534470437638983
-0.45855842570378386
0.14116756753604845
1.4404883169938387
-0.31909094630858265
1.007043573341228
1.5049769869169745
-1.8059611022796713
-0.23628218381400182
-0.7741698339171097
-0.5743678739104173
2.456236426868591
-0.5553076203559747
-0.6890674559447445
-1.5879516894714576
0.8808750823511641
0.5447741483140063
-1.115468004489614
0.4341300457530862
-0.1703061590141547
-0.5754372165166063
-1.3490891463233814
-0.3600425658837283
0.6651288211552984
-0.5533563979990875
0.6746576717489242
-2.724616239332445
1.4566423526977192
0.7090552456342252
1.711942653415243
-0.7291651884758898
-0.6461842053284806
-0.6038682113565602
0.5473671246574925
1.326584820171315
1.686410771786992
1.270465083089284
0.544512181629506
-1.4360737300950634
-1.2009790235375801
1.2539907077665562
-0.5527750172460041
-0.1380776755683603
0.3180775309698991
0.09988457483885209
-0.17397170008540125
-0.06950006882942106
1.6255170735626647
0.189252839636995
0.35062845440398455
-0.012375931030048994
-1.613362235924601
0.719619050529406
-0.9972787424691641
-0.08429563991197438
0.025767160094271088
-2.620174698315895
2.8766569174994787
0.1110190537903148
-0.7300425161040358
0.10545744042534895
0.6547996418559694
-0.04389137623256721
-0.4046586333960019
0.5385184121071698
0.35051124987123033
-0.19217367199345767
-0.4721792262524684
-0.3089106350208788
-0.6473367748674346
-0.24953200288744473
-0.5128748653752864
-0.810231957908272
0.3794566367496953
0.49675158680124326
-0.9421680248340677
-0.571274358291743
-0.9474638829125472
-0.5862858399174089
-1.774565008669162
2.096471495111965
1.5458444662632405
-0.22939552112141362
-0.7026000687883728
-0.1303058056467499
-0.8499032169188042
-0.8606904450669455
0.3490291153198678
1.1246748135573217
-0.4359330141550421
-0.3465652439220864
0.9673148106235129
0.0501874566237181
1.5071467837785437
-0.34552335928864975
-1.1905252386825387
0.481838604179201
1.4239868661643826
-1.6676635053146789
-0.26525583069725583
1.8880438872838659
1.1562191214638076
-0.3185943399054211
-0.7476567857244023
-0.03526899139860848
-0.2555624003383528
-0.2138944515934555
0.365230749654314
1.9688033427087535
-0.5399792223625121
0.6668167538900251
1.9796098560128497
-1.1116687035161938
0.15583808704621543
-1.1475162974792497
0.4319478573664556
-3.326878411613865
-1.1217833551230145
-0.2987344189931916
-1.6195637460514543
2.3519126283375034
-1.0806044394668612
1.0019592072462846
2.0844523204136833
0.1729638541644879
-1.2317849468885727
-0.2588553721326377
1.6270788001697982
0.7734073064393951
0.6576898879891101
-0.34866212428750376
0.7048601988789137
0.9213285312538786
-2.91474816634577
-1.1652758269485453
-1.126165131764578
0.1030211753508813
1.3881608855373002
0.7465499078675389
-0.1583282863325179
0.3553726577750775
0.31132876742776683
0.3912432198553507
2.6809435040782272
0.47929066070831977
1.1655216994883097
0.822583703831241
1.5950584139637256
-0.5424736110427214
0.6145842720370948
1.763318278404883
0.8616049564636531
0.8911534518716633
-0.546577723462457
0.9078975316336425
1.1853920282175885
2.3004208404676563
1.2133843657875576
1.314010527377341
-0.12366342140052498
-1.5870301784376961
1.8745985933418192
1.0369905362085932
-0.5413959778481966
-0.025767387226971406
-0.17891334858460675
0.7523985894236738
1.3506828879811363
0.9802709245289983
-0.053020889377897756
0.5379633202231813
-0.21975092729525236
0.14478457265392292
-1.2210874892932833
0.25812183257088195
-0.648056041696022
0.47535909104510177
-0.948892496797734
0.13312773790560953
1.084786917827012
-0.7202622137028505
2.2193186857015976
0.31859979634430735
0.8823507735034202
-1.1238560360854786
-0.9446456770679131
0.435156616353829
2.244329771687488
0.4870672851844619
1.5311265763111988
-0.07905866420721082
-0.45580479018773784
-0.27997657553119726
0.7104158952734773
-0.7748639625629781
-0.1569240938270462
1.5260339354880117
-0.2993486794489268
-1.3142245362662073
-0.3359977764452393
0.5862013340486366
0.4246132863087193
1.0763349358010026
1.1588626348489603
1.3350478013389737
0.8941039643600069
0.9568773960056585
-1.09724844645194
-1.3060560032901187
0.3585400030611993
-1.0793296532778638
-0.2515308208870212
0.004626993403263005
-1.1736902692053173
-1.7254820069126287
-0.4385090912511218
1.1717265737282603
-1.3229816483309742
-0.7130122517777756
0.3992619245740651
0.07626886239834313
-0.26496174656507443
0.3083041876086886
-1.4293311156959347
1.2920664102588384
-1.544481835382116
-0.22562742322885032
