0.81719 0.17724
0.74369 0.41122
0.17459 0.81292
0.02583 0.83462
0.097242 0.35388
0.020207 0.016548
0.8885 0.46238
0.98629 0.5927
0.33205 0.62265
0.73586 0.37857
0.13856 0.046148
0.32763 0.033078
0.19299 0.51158
0.59131 0.51355
0.43284 0.75626
0.0047856 0.60002
0.52644 0.22352
0.71421 0.59344
0.66598 0.47323
0.22775 0.65764
0.9142 0.12474
0.24552 0.68541
0.016791 0.4872
0.72675 0.39072
0.48494 0.93984
0.55345 0.89984
0.92725 0.5543
0.061799 0.6122
0.54585 0.28194
0.73976 0.78185
0.92924 0.96992
0.89528 0.94693
0.8892 0.77005
0.24621 0.57489
0.11075 0.44419
0.93764 0.64431
0.28459 0.21311
0.95138 0.67027
0.70115 0.79459
0.80708 0.47504
0.36164 0.39978
0.41199 0.25976
0.33412 0.94113
0.65189 0.029383
0.08678 0.99494
0.86839 0.88793
0.82364 0.51744
0.39621 0.73852
0.91389 0.95829
0.79853 0.85499
0.22262 0.27433
0.92635 0.22872
0.23775 0.63303
0.038803 0.1727
0.5722 0.28625
0.71641 0.37527
0.72104 0.24171
0.4173 0.16118
0.14553 0.2045
0.27417 0.81831
0.65695 0.51746
0.96312 0.88583
0.81068 0.33845
0.052693 0.61538
0.35251 0.28784
0.046566 0.53625
0.097311 0.94689
0.41659 0.63052
0.64992 0.6468
0.75905 0.86173
0.49716 0.13409
0.56403 0.57989
0.8963 0.12762
0.53109 0.39353
0.38309 0.91846
0.059184 0.93515
0.13983 0.39282
0.037287 0.98799
0.26914 0.17815
0.80443 0.61238
0.71073 0.24713
0.45848 0.69158
0.92724 0.50273
0.76519 0.47083
0.607 0.39356
0.68891 0.017906
0.1945 0.51494
0.92017 0.39199
0.49199 0.76835
0.31659 0.42155
0.2469 0.43941
0.63209 0.4626
0.33188 0.56043
0.44779 0.60526
0.95209 0.11985
0.10024 0.98397
0.52328 0.79316
0.64661 0.57311
0.52684 0.16446
0.52328 0.27356
